Комбинации
1,1,1,1 
1,1,1,2 
1,1,1,3 
1,1,2,1 
1,1,2,2 
1,1,2,3 
1,1,3,1 
1,1,3,2 
1,1,3,3 
1,2,1,1 
1,2,1,2 
1,2,1,3 
1,2,2,1 
1,2,2,2 
1,2,2,3 
1,2,3,1 
1,2,3,2 
1,2,3,3 
1,3,1,1 
1,3,1,2 
1,3,1,3 
1,3,2,1 
1,3,2,2 
1,3,2,3 
1,3,3,1 
1,3,3,2 
1,3,3,3 
2,1,1,1 
2,1,1,2 
2,1,1,3 
2,1,2,1 
2,1,2,2 
2,1,2,3 
2,1,3,1 
2,1,3,2 
2,1,3,3 
2,2,1,1
2,2,1,2 
2,2,1,3 
2,2,2,1 
2,2,2,2 
2,2,2,3 
2,2,3,1 
2,2,3,2 
2,2,3,3 
2,3,1,1 
2,3,1,2 
2,3,1,3 
2,3,2,1 
2,3,2,2 
2,3,2,3 
2331 
2332 
2333 
3111 
3112 
3113 
3121 
3122 
3123 
3131 
3132 
3133 
3211 
3212 
3213 
3221 
3222 
3223 
3231 
3232 
3233 
3311 
3312 
3313 
3321 
3322
3323 
3331
3332
3333